node	resistant.attractor	vehicle.attractor	DAC	explogFC	perturb_ss	perturb_DAC	CI_ss	CI_DAC
AP2A2	-0.006166	0.509452	-0.515618	-0.895838658	0.014520467	-0.02069	-0.007008926	0.00084
ARRB1	-0.032432	0.479556	-0.511988	-1.217310672	0.004893699	-0.03733	-0.035725378	0.00329
ATP2A3	-0.037972	0.449968	-0.48794	-1.418311593	-0.041603759	0.00363	0.003106231	-0.04108
BATF2	0.486509	-0.000143	0.486652	3.222831942	0.231240454	0.25527	0.229234977	0.25727
BLZF1	0.499962	-0.066688	0.56665	0.576669737	0.275308782	0.22465	0.249949555	0.25001
CBX5	-0.015422	0.503588	-0.51901	-1.748931757	0.014062189	-0.02948	-0.020078151	0.00466
CCND1	0.462292	-0.218649	0.680941	1.43278904	0.230963426	0.23133	0.209209443	0.25308
CD74	0.465733	-0.061144	0.526877	2.29778819	0.204491942	0.26124	0.182841175	0.28289
CDK2	-0.012166	0.266892	-0.279058	-0.810195489	0.499185388	-0.51135	0.001397352	-0.01356
CSF2RA	0.500461	-0.011834	0.512295	1.182978406	0.240319972	0.26014	0.244876779	0.25558
DHX58	0.462551	-0.023607	0.486158	1.630673193	0.255650881	0.2069	0.208748011	0.2538
GRIP1	-0.006742	0.464082	-0.470824	-0.844209413	0.010512006	-0.01725	0.020468184	-0.02721
HLA-B	0.496612	-0.034945	0.531557	2.178115858	0.245152411	0.25146	0.244191723	0.25242
HLA-DQA1	0.511834	-0.007585	0.519419	3.553174866	0.253547453	0.25829	0.2524821	0.25935
HLA-F	0.507211	-0.081375	0.588586	3.452420422	0.310278647	0.19693	0.248486969	0.25872
ICAM1	0.491094	-0.010563	0.501657	1.847892767	0.290644903	0.20045	0.285370062	0.20572
IFI27	0.484986	-0.010094	0.49508	1.709285516	0.238307124	0.24668	0.229369458	0.25562
IKZF1	0.477171	-0.044819	0.52199	1.333817663	0.241430471	0.23574	0.255199237	0.22197
IRS1	0.499962	-0.066688	0.56665	1.959221095	0.275308782	0.22465	0.249949555	0.25001
KIT	-0.013564	0.414645	-0.428209	-1.574332465	0.01335802	-0.02692	-0.018173088	0.00461
KRT18	-0.003608	0.501812	-0.50542	-0.838156809	0.005561296	-0.00917	0.001279145	-0.00489
MYB	0.495543	-0.018596	0.514139	-1.524723956	-0.015526161	0.51107	-0.014148137	0.50969
MYD88	0.49372	-0.005099	0.498819	0.795419297	0.237624787	0.2561	0.23998672	0.25373
NCOR2	0.509044	-0.003835	0.512879	0.52296734	0.248846804	0.2602	0.257727585	0.25132
PSMB9	0.514934	-0.051779	0.566713	3.076383298	0.286804572	0.22813	0.266515743	0.24842
PTPRU	0.510022	-0.035916	0.545938	1.350826153	0.25627308	0.25375	0.257505736	0.25252
RELB	0.467568	-0.020444	0.488012	1.221370336	0.254893699	0.21267	0.214274622	0.25329
SMAD2	0.455756	-0.091781	0.547537	0.5644947	0.18460815	0.27115	0.208145192	0.24761
TAP1	0.509844	-0.004985	0.514829	1.800664351	0.252829302	0.25701	0.252539858	0.2573
TAP2	0.527348	-0.006289	0.533637	1.820294261	0.269862361	0.25749	0.29522044	0.23213
TGFB3	0.510018	-0.015974	0.525992	1.630545214	0.247581151	0.26244	0.250426823	0.25959
WEE1	-0.0955	0.43566	-0.53116	-0.581812158	-0.034784104	-0.06072	-0.092686775	-0.00281
