node	resistant	sensitive	vehicle
A2M	0.499539	0.492807	0.011834
ABL1	0.634773	0.042117	0.187025
ACP1	0.02633	-0.009051	0.497302
ACSL3	-0.032547	-0.032547	0.5
ACTA1	0.040937	0.513904	0.014767
ACTB	0.550572	0.033555	0.517035
ACTG1	0.5	-0.032827	0.467173
ACTL6A	0.017093	0.003041	0.506629
ACTN1	0.488213	0.484981	-0.172353
ACVR1	0.499962	-0.001195	-0.066688
ADAM9	0.507692	0.00885	0.006245
ADAMTSL4	0.492718	0.492446	-0.023323
ADRBK1	-0.055407	0.424351	-0.070266
AHR	0.50097	0.499352	-0.036227
AIMP2	0.5	0.532827	0.032827
AKT1	0.485647	0.617788	0.44264
AKT2	-0.039926	0.519094	-0.055559
AMPH	0.014935	0.539942	0.016611
AP1M2	-0.002012	0.517086	0.482498
AP2A1	0.474445	0.468578	-0.03744
AP2A2	-0.006166	0.015074	0.509452
AP2B1	-0.02905	-0.012593	0.50993
AP2M1	0.5	0.464286	0
APBA2	-0.022851	-0.024124	0.471088
APBB1	0.012648	0.506006	0.513474
AQP1	-0.011834	-0.017554	0.507585
AR	0.09698	0.106655	0.678417
ARID1A	0.500913	0.490491	-0.017003
ARL4D	-0.005933	0.513182	0.489558
ARNT	-0.014935	-0.039942	0.483389
ARRB1	-0.032432	-0.015475	0.479556
ARRB2	0.467453	0.467453	0
ASF1B	0.497988	0.517086	-0.017502
ASH2L	0.514202	0.002388	0.506715
ATF2	0.246503	0.081777	0.904434
ATM	-0.098367	-0.015312	0.411443
ATP2A3	-0.037972	-0.042931	0.449968
ATRX	0.005415	0.478261	-0.010064
AURKB	0.530168	0.510315	0.000284
AXIN1	0.566256	0.501089	0.107652
B2M	0.500539	0.499624	0.022748
BACE1	-0.011834	-0.017554	0.507585
BACH1	-0.042373	0.445959	0.004342
BACH2	0.470189	0.437345	-0.022081
BAD	0.470885	0.319558	0.001131
BAG1	0.534134	0.535989	-0.001699
BATF2	0.486509	0.486154	-0.000143
BCAP31	0	0.532827	0.032827
BCL2	-0.061714	0.44328	-0.027366
BCL2L1	0.556037	0.568659	0.023536
BCL2L11	0.023603	-0.128894	0.607734
BCL3	0.517249	0.494674	0.085091
BCL6	0.574631	0.580349	0.01791
BIN1	0.480616	-0.031105	0.478883
BIRC2	0.084465	0.021735	0.341387
BIRC3	0.495751	0.434421	-0.052659
BIRC5	-0.009303	0.456262	0.552459
BLM	0.531669	0.537511	0.033708
BLZF1	0.499962	0.498805	-0.066688
BMPR1B	0.487293	-0.014472	0.521971
BNIP3	0	-0.032827	0.467173
BNIP3L	0	-0.032827	0.467173
BRCA1	0.051441	0.592638	-0.003274
BRMS1	0.540926	0.524593	0.043062
BSG	0.012648	0.506006	0.513474
BTG2	0.501119	0.495331	0.009563
BTRC	-0.015371	-0.007289	0.471478
BUB1	-0.02633	0.009051	0.502698
BUB1B	0.02633	-0.009051	0.497302
C10orf10	0.519705	0.521033	0.000492
C19orf57	0.547831	0.526737	0.05186
C1QBP	-0.001897	0.018657	0.44574
CABIN1	0.465866	-0.035989	0.501699
CALCOCO2	0.487293	0.485528	0.021971
CALM1	0.013933	0.538084	0.02356
CALR	0.512477	0.518572	0.452322
CANX	-0.021227	0.471947	0.513542
CASP1	0.485065	0.460058	-0.016611
CASP3	0.151585	0.15974	0.639432
CASP6	0.530942	0.032607	0.630524
CASP8	0.720458	0.121952	0.129908
CASP9	0.006753	0.286808	0.353955
CAV1	0.4996	0.04602	0.011079
CBL	0.013146	0.05243	0.009319
CBX1	0.000038	0.001195	0.566688
CBX4	0.5	0.5	0
CBX5	-0.015422	-0.016578	0.503588
CCDC120	0.500461	0.507193	-0.011834
CCDC85B	0.527642	0.527056	0.04214
CCND1	0.462292	0.447766	-0.218649
CCNT1	-0.013469	0.011741	0.518399
CCT2	0.022851	0.024124	0.528912
CD14	0.530583	0.533549	0.009324
CD151	0.014434	0.505834	0.516337
CD3EAP	0.484986	0.505041	-0.010094
CD40	0.188284	0.688284	0.5
CD44	-0.012435	-0.018273	0.508757
CD47	-0.02633	0.509051	0.002698
CD63	0.070771	0.570849	0.526571
CD74	0.465733	0.516501	-0.061144
CD81	-0.011582	-0.003401	0.51685
CD82	0.526716	0.058127	0.007911
CD8A	0.07995	-0.006314	0.556619
CD9	-0.033605	0.45778	0.434987
CDC20	-0.001618	0.49736	0.351124
CDC25A	-0.004645	0.527197	0.038887
CDC25B	0.536903	0.521401	0.107993
CDC42	0.004127	0.002711	0.504394
CDC42EP1	0.503004	0.509585	-0.012197
CDH1	-0.021021	0.479339	-0.039121
CDK1	-0.027458	-0.044801	0.473488
CDK2	-0.012166	0.474739	0.266892
CDK4	0.003158	0.114049	0.470483
CDK5	0.013491	0.513846	0.000143
CDK6	0.005029	0.007881	-0.045873
CDK8	-0.001119	0.004669	-0.009563
CDK9	0.491181	0.496748	0.006137
CDKN1A	0.471572	0.435902	0.078298
CDKN1B	-0.051638	0.277163	0.492303
CDKN2A	0.593131	-0.038591	0.487215
CDKN2B	0.487352	0.493994	-0.013474
CEBPA	0.519283	0.00669	0.599083
CEBPB	0.574781	0.733054	-0.058898
CHAF1A	0.468429	0.487362	-0.044666
CHAF1B	0.47367	0.509051	0.002698
CHD3	0.47062	-0.043756	0.507137
CHEK1	0.483704	-0.065796	0.041832
CHUK	0.083783	0.056103	0.612758
CISH	0.444096	0.439663	-0.054136
CLTB	0.469271	0.486935	-0.007374
CLTC	-0.009968	-0.009732	0.520198
CNOT7	-0.011834	-0.017554	0.507585
CNTFR	0.030583	0.533549	0.509324
COPB2	0	-0.032827	0.467173
CORO1A	0.477149	0.475876	-0.028912
CREB1	0.138451	0.219928	0.566303
CREBBP	0.518734	0.512545	0.137017
CRK	-0.013352	-0.014433	0.53511
CSF1	0.53276	0.534717	0.033913
CSF2RA	0.500461	0.507193	-0.011834
CSF2RB	0.014441	0.51436	0.005324
CSK	0.461906	0.491064	-0.002326
CSNK2A1	0.097236	0.018165	0.590248
CSNK2A2	-0.023014	0.002239	0.5
CSNK2B	0.495424	-0.007467	0.578915
CSPG4	0.459063	0.486096	-0.014767
CTAG1B	0.004127	0.502711	0.004394
CTBP1	-0.020252	0.492968	-0.076286
CTGF	0.514434	0.505834	0.016337
CTNNB1	-0.119753	0.037369	0.380368
CTSB	0.514434	0.005834	0.516337
CUX1	0.017034	0.642065	0.026403
CXCR4	0.067858	0.067441	0.50286
CYLD	0	0.5	0
CYTH2	0.506644	-0.007039	-0.022781
DAB1	0.001119	-0.004669	0.509563
DAB2	0.010796	0.521799	-0.02252
DAB2IP	0.624058	0.660939	-0.039207
DAPK2	0.522829	0.010864	0.544819
DAXX	0.49663	0.516739	0.015365
DAZAP2	0.030583	0.533549	0.509324
DDB1	-0.000038	0.498805	-0.066688
DDB2	0.50858	0.554388	0.004726
DDX5	0.522829	0.010864	0.044819
DEK	0.497565	-0.018205	0.530454
DGKD	0.000796	-0.017357	0.487632
DHX58	0.462551	0.461512	-0.023607
DIABLO	-0.005561	0.235715	0.355208
DLG4	0.033455	0.531455	0.479357
DLST	-0.023014	0.502239	0.5
DNALI1	0.519705	0.521033	0.000492
DNM1	0.497414	-0.015639	0.524718
DOK1	0.009733	0.526094	0.485994
DUT	0	-0.032827	0.467173
DVL1	0.513933	-0.008339	-0.022864
DVL2	0.512363	0.513011	0.080562
DYNLL1	0.061048	0.04427	0.552807
E2F1	0.028186	0.5702	0.117615
E2F4	0.46313	0.702961	0.219267
EEF1G	-0.023014	0.002239	0.5
EFEMP2	0.512648	0.006006	0.513474
EFNB1	0.537972	0.542931	0.050032
EGFR	0.042669	0.055014	0.546604
EIF3E	-0.061048	-0.04427	0.447193
EIF3F	0.055904	0.060337	0.554136
EIF4B	0.265404	0.047649	0.531664
EIF4E	-0.254605	0.031209	0.239945
EIF4EBP1	0.509211	-0.062418	0.520111
EIF4ENIF1	0.462028	0.457069	-0.050032
EIF4G1	0.485065	0.460058	-0.016611
ENC1	0	-0.032827	0.467173
EP300	0.599696	0.640653	0.128037
EPHA2	0.502842	0.517603	0.014215
EPHB2	-0.000031	0.517977	-0.035498
EPS8	0.495894	0.512142	0.000111
ERBB2	0.502345	0.495781	0.062516
ESR1	-0.002909	0.453622	-0.015437
ESR2	0.526775	0.013494	0.027582
ESRRG	0.050572	0.033555	0.517035
EZR	0.518504	0.502109	0.018021
FAM46C	0.014434	0.005834	0.516337
FAM50B	0.487352	0.493994	-0.013474
FAS	0.5	0.532827	0.032827
FBXO5	0.004576	0.007467	0.421085
FBXW11	-0.032655	-0.002678	0.50209
FBXW2	-0.025259	-0.008649	0.515536
FBXW5	0.516509	0.500933	0.014435
FBXW7	0.035802	0.02029	0.532632
FCGRT	-0.045762	-0.049171	0.494609
FHL2	0.496111	-0.018491	0.512482
FHL3	0.519705	0.521033	0.000492
FLII	0.476836	0.462618	0.011218
FLNA	0.498864	0.486457	-0.016728
FOS	0.67138	0.691555	0.117793
FOXM1	0.504577	0.570678	0.062554
FOXO1	-0.024187	-0.143656	0.443736
FOXO3	-0.084281	0.422384	-0.088666
FYN	0.034332	0.056475	0.530575
GADD45G	0.529963	0.512959	-0.00307
GDF11	0.011739	0.015528	0.519357
GHR	-0.034134	-0.035989	0.501699
GIPC1	0.506137	0.506463	0.000003
GNA13	0.005933	-0.013182	0.510442
GNAI1	-0.003087	0.54131	0.125261
GPBP1L1	-0.032547	-0.032547	0.5
GPS2	0.492887	0.507404	-0.010491
GRB10	0.52272	0.041455	0.03153
GRB14	0.022933	0.017242	0.533386
GRB2	0.032318	0.56695	0.555728
GRB7	0.488317	0.504422	0.016289
GRIA2	-0.023749	-0.024974	0.486854
GRIN2A	0.500031	-0.017977	0.535498
GRIP1	-0.006742	0.005287	0.464082
GSK3B	-0.033651	-0.099314	0.459244
GTF2B	0.032547	0.532547	0.5
GTF2I	-0.011408	-0.013119	0.445265
H2AFZ	0.014143	0.508122	0.510585
HBP1	-0.001897	0.018657	0.44574
HCK	-0.01337	0.496619	0.512839
HDAC1	0.006388	0.113727	0.557382
HDAC2	0.00628	-0.011726	0.486147
HDAC3	-0.006124	0.010291	0.512305
HDAC4	0.01337	0.003381	0.487161
HDAC5	0.494602	-0.023485	0.002858
HDAC6	0.494109	0.510135	-0.012794
HDAC9	0.503004	0.509585	-0.012197
HEXIM2	0.504127	0.502711	0.004394
HEY1	0	0	0.5
HIC1	0.523014	0.497761	0
HIP1	-0.02633	0.509051	0.002698
HIPK2	0.296726	0.833103	0.075669
HLA-A	0.510803	0.529426	0.006477
HLA-B	0.496612	0.507063	-0.034945
HLA-C	0.465384	0.498969	-0.110116
HLA-DMA	0.519925	0.518276	0.008771
HLA-DMB	0.54277	0.515579	0.077354
HLA-DQA1	0.511834	0.517554	-0.007585
HLA-DRA	0.504127	0.502711	0.004394
HLA-DRB1	0.504127	0.502711	0.004394
HLA-DRB5	0.504127	0.502711	0.004394
HLA-E	0.520149	0.525142	-0.036044
HLA-F	0.507211	0.51583	-0.081375
HLA-G	0.520618	0.499053	0.001725
HMG20B	0.492718	0.492446	-0.023323
HR	0.499962	0.498805	-0.066688
HRAS	0.184856	0.641737	0.992485
HSF1	0.512415	0.163855	0.31942
HSP90AA1	-0.014922	-0.03408	0.512333
HSP90AB1	-0.000412	-0.021114	0.495904
HSP90B1	0.030583	0.033549	0.509324
HSPA1A	0.532547	0.532547	0
HSPA4	-0.004127	-0.002711	0.495606
HSPA5	0.472995	0.489759	-0.012114
HSPA8	0.014735	0.52914	0.008068
HSPB8	0.5	0.532827	0.032827
HTT	0.027005	0.010241	0.012114
HUWE1	-0.296566	0.519296	-0.243607
ICAM1	0.530583	0.533549	0.009324
IFI27	0.484986	0.505041	-0.010094
IKBKB	0.470533	0.000096	0.011375
IKBKE	0.508194	0.525303	-0.039224
IKBKG	0.517074	0.574002	-0.10875
IKZF1	0.477171	0.489136	-0.044819
IKZF3	0.5	0.535714	0
ILF2	0	0.5	0.5
ILF3	0.477451	-0.038381	0.508526
INCENP	0.486303	0.498187	-0.026978
INSR	0.015014	-0.005041	0.510094
IRAK1	0.529232	0.556139	0.02577
IRF1	0.619952	0.585712	0.11068
IRF3	0.522144	0.543726	0.003269
IRF4	-0.133872	0.363312	0.026675
IRF5	0.498964	0.51673	0.003554
IRF7	0.504016	0.51834	-0.00796
IRF8	-0.115888	0.403223	-0.011975
IRF9	0.530583	0.533549	0.009324
IRS1	0.499962	0.498805	-0.066688
ITGA3	0.543544	0.548417	-0.006377
ITGA4	0.477149	-0.024124	-0.028912
ITGA6	-0.000461	-0.007193	0.511834
ITGAV	0.016158	0.533471	0.019687
ITGB1	-0.017049	-0.028948	0.538978
ITGB2	0.488992	0.510864	-0.007745
ITGB4	0.518658	0.000745	0.504655
ITGB5	-0.016469	-0.012768	0.476676
JAK1	-0.028881	-0.044359	0.527613
JAK2	-0.001134	0.021198	0.505383
JAK3	0.477171	0.489136	-0.044819
JUN	0.634456	0.604329	0.140391
JUNB	0.496359	0.482803	0.144344
JUP	0.467453	0.467453	0.5
KAT2B	0.068134	0.568259	0.105612
KAT5	0.511546	-0.007918	0.498899
KDR	0.486605	-0.005969	0.058329
KIAA0408	-0.000461	-0.007193	0.511834
KIT	-0.013564	0.007488	0.414645
KPNA2	-0.015748	0.497095	0.006587
KPNA3	-0.031669	-0.037511	0.466292
KRT15	0.500461	0.007193	-0.011834
KRT17	0.524862	0.5737	0.050826
KRT18	-0.003608	0.500242	0.501812
LAMB1	0.012707	0.014472	0.478029
LCK	-0.024717	-0.038708	0.632573
LDHA	0.022829	0.010864	0.544819
LDOC1	0.011834	0.517554	-0.007585
LEF1	0.000774	0.024137	0.856565
LMNA	0.312284	0.488472	-0.222924
LRP1	0.004127	0.002711	0.504394
LRP2	0.007693	0.037266	0.513763
LRPAP1	0.030583	0.533549	0.009324
LRPPRC	-0.007103	-0.010858	0.472907
LRRFIP2	0.476251	0.475026	-0.013146
LTBP3	0.003935	-0.010635	0.513503
LYN	0.444096	-0.060337	0.445864
MAD1L1	0.484986	0.505041	-0.010094
MAGEA1	0.040937	0.013904	0.514767
MAGEA4	-0.046414	0.449676	0.035125
MAOA	-0.030729	-0.013065	0.492626
MAP2K1	0.027317	0.627735	0.649764
MAP2K2	0.504556	0.658843	0.181886
MAP2K4	0.312496	0.294512	0.623708
MAP2K6	0.106536	0.059427	0.562408
MAP2K7	0.759827	0.185679	0.500392
MAP3K10	0.582816	0.597618	0.166612
MAP3K11	0.582816	0.597618	0.166612
MAP3K14	0.652672	0.509837	0.124206
MAP3K5	0.721779	0.229418	-0.260957
MAP3K7	-0.052565	0.160404	0.718242
MAP3K8	0.468082	0.471994	-0.043952
MAPK1	0.067199	0.253214	0.55846
MAPK10	0.563788	0.060117	0.627314
MAPK11	0.563938	0.553014	0.189445
MAPK12	0.563938	0.053014	0.689445
MAPK13	0.026634	0.014857	0.640602
MAPK14	0.255495	0.185867	0.61151
MAPK3	0.443259	0.605192	0.562131
MAPK8	0.171848	0.059668	0.647311
MAPK8IP1	-0.007282	0.492446	0.476677
MAPK8IP2	0.527051	0.539543	-0.024128
MAPK9	0.20362	0.07667	0.719691
MAVS	0.000125	0.505586	-0.008192
MAX	0.577924	0.562676	0.151747
MBD1	0.47252	0.488402	-0.022169
MBIP	0.498723	-0.000254	0.49781
MBP	0.008402	0.043145	0.500667
MCM10	-0.014434	0.494166	-0.016337
MDFI	0.513491	0.013846	0.500143
MDK	0.003011	0.113502	0.504667
MDM2	0.530684	0.57721	0.705829
MED1	0.516351	0.02294	-0.010471
MEX3D	0.494067	0.013182	-0.010442
MLH1	-0.061048	-0.04427	0.447193
MMP16	0.012648	0.006006	0.513474
MRPL20	0.532547	0.532547	0.5
MTOR	-0.031908	0.216223	-0.069665
MYB	-0.020754	-0.021876	0.500757
MYBBP1A	0.484539	0.487016	-0.005372
MYBL2	0.495543	0.409844	-0.018596
MYC	0.471687	0.123254	0.001786
MYD88	0.49372	0.513393	-0.005099
MYH9	0.467753	0.485831	0.003304
MYOD1	0.015305	0.503254	0.535753
NARF	0.52633	-0.009051	0.497302
NBN	-0.055904	-0.060337	0.445864
NCL	0.471138	-0.035633	0.510253
NCOA1	-0.046733	-0.041272	0.475142
NCOA2	0.526775	0.013494	0.527582
NCOA3	-0.029231	0.480877	-0.040308
NCOA6	-0.023014	0.502239	0
NCOR1	-0.010313	-0.021645	-0.017913
NCOR2	0.509044	0.502963	-0.003835
NDRG1	0.5	-0.032827	0.467173
NDUFA5	-0.012707	0.485528	0.021971
NECAP2	0.002586	0.515639	0.475282
NEDD4	0.503004	0.009585	-0.012197
NEDD8	0.502842	0.517603	0.514215
NEK6	0.496996	-0.009585	0.512197
NFE2L2	0.549706	0.046888	0.55635
NFKB1	-0.079745	-0.094056	0.511135
NFKB2	0.675459	0.663004	0.038413
NFKBIA	0.572141	0.768232	0.052042
NFKBIB	0.481342	0.499255	-0.004655
NID1	-0.003004	-0.009585	0.512197
NLK	-0.01073	0.032742	0.646611
NOS1AP	0.499539	-0.007193	0.011834
NPDC1	-0.003004	-0.009585	0.512197
NR1H2	-0.006742	0.505287	-0.035918
NR3C1	0.016829	0.515084	-0.05072
NR5A1	0.517581	0.004976	0.53282
NRIP1	0.015318	0.001206	0.535405
NSF	0.00337	0.521166	0.52254
NUP54	0.001119	-0.004669	0.509563
OCLN	0.525704	0.523833	-0.041489
OGDH	0.007282	0.507554	0.023323
OPRD1	0.013933	-0.008339	0.477136
PABPC1	0.505415	-0.021739	0.489936
PARP1	0.017896	-0.000215	0.517189
PAX5	-0.008186	0.162495	0.548416
PBXIP1	0.530583	0.533549	0.009324
PCGF2	0.508412	-0.010525	0.486541
PCNA	-0.064914	0.500833	0.501848
PDGFRA	-0.003795	-0.015135	0.49731
PDIA2	0.491136	0.015656	0.495768
PDIA3	-0.030764	-0.045452	0.494886
PEBP1	0.01012	0.504728	0.51065
PELI3	0.470037	0.487041	0.00307
PFDN5	0.022851	0.024124	0.528912
PHLDA1	0.012648	0.006006	0.513474
PHLPP1	0.004667	0.013772	0.436314
PI4KA	0.495458	0.058304	0.497596
PIAS1	0.008949	0.056008	0.676461
PIAS2	0.004577	0.070678	0.562554
PIAS4	0.505415	0.478261	-0.010064
PICK1	0.500115	0.481358	-0.020444
PIK3R1	0.084456	0.084873	0.574302
PIK3R2	-0.026168	0.477206	0.509281
PLAT	0.529203	0.527817	0.006462
PLAU	0.469417	0.466451	-0.009324
PLAUR	0.502781	0.521281	0.001115
PLCG1	0.584456	0.084873	0.074302
PLCG2	0.021147	0.529382	0.069687
PLD2	0.522829	0.010864	0.544819
PLG	0.022851	0.024124	0.528912
PLSCR1	0.511834	0.517554	-0.007585
PML	0.606024	0.616533	0.002715
POLD1	0.465866	0.464011	0.001699
POLR2A	-0.004127	-0.002711	0.495606
PPARA	0.003049	-0.013484	0.515691
PPARD	0.53413	0.547148	-0.004153
PPARG	0.014202	0.002388	0.506715
PPFIA1	0.477149	0.475876	-0.028912
PPFIA3	0.469417	0.466451	-0.009324
PPM1D	0.604908	0.294546	0.026753
PPP1CA	0	0.532827	0.032827
PPP1CB	0	-0.032827	0.467173
PPP2CA	0.622127	0.096845	0.560087
PPP2R2A	0.002012	-0.017086	0.517502
PPP6C	0.005542	0.020622	0.513307
PQBP1	0.022933	0.517242	0.033386
PRDM1	0.479435	0.511752	0.011978
PRKACA	0.016449	0.480463	-0.112379
PRKCA	0.030691	0.027713	0.459625
PRKCD	0.629573	0.508597	0.038176
PRKCG	0.497988	0.017086	-0.017502
PRKCZ	0.525555	0.031422	0.53744
PRKD1	0.140777	0.113726	0.508536
PRKDC	-0.01859	-0.002894	0.577755
PRMT1	0.481342	-0.03865	0.457441
PROX1	0.047831	0.526737	0.05186
PRSS23	0.446405	0.391793	0.006111
PSMB5	0.02626	0.509764	0.475922
PSMB7	0.532609	0.042713	0.502582
PSMB8	0.588114	0.60922	0.025032
PSMB9	0.514934	0.513164	-0.051779
PTEN	0.009366	0.048197	0.458309
PTGFRN	0.504127	0.502711	0.004394
PTK2	0.040831	0.052027	0.59705
PTPN11	-0.016223	-0.020791	0.53037
PTPN12	0.5	-0.032827	-0.032827
PTPN4	-0.032547	-0.032547	0.5
PTPN6	0.576452	0.491013	0.036331
PTPRF	0.493302	-0.019063	0.006493
PTPRU	0.510022	0.502162	-0.035916
PXN	0.511787	0.015019	0.672353
RAC1	0.286882	0.33816	0.577162
RAD9A	0.370427	0.491403	-0.038176
RAF1	-0.002038	0.559025	0.559161
RARA	0.537226	0.555444	0.005835
RASA1	-0.024424	-0.052313	0.48703
RASD1	0.519705	0.521033	0.000492
RB1	-0.012124	-0.095613	0.407569
RB1CC1	0.005933	-0.013182	0.510442
RBBP4	-0.007103	-0.010858	0.472907
RBL1	-0.073739	0.405922	0.438535
RBPJ	0.031937	0.023233	0.576439
RBPMS	0.512707	0.014472	-0.021971
RBX1	0.00391	-0.004179	0.527118
REL	0.483658	-0.012513	-0.024723
RELA	0.522957	0.518102	0.033348
RELB	0.467568	0.484525	-0.020444
RFC1	-0.047831	-0.026737	0.44814
RFX5	0	0.5	0
RGS19	-0.000786	0.515738	-0.019767
RHEB	-0.063815	0.432445	-0.13933
RHOA	0.035138	0.609676	0.540155
RHOG	0.030583	0.533549	0.509324
RIBC2	0.477149	0.475876	-0.028912
RIPK1	0.429749	0.557508	-0.135816
RLF	0	-0.032827	0.467173
RNF11	0.01196	0.52493	0.000459
RNF128	0.459053	-0.087208	0.532689
ROR2	0.004667	0.013772	0.436314
RPL30	0.000988	-0.003446	0.541626
RPL4	0.5	-0.032827	0.467173
RPL5	-0.005933	0.013182	0.489558
RPL6	0.489052	-0.015552	0.53916
RPS13	0.004018	-0.020246	0.505849
RPS27A	0.001119	-0.004669	0.509563
RPS6KA1	0.019386	0.524059	0.596038
RPS6KA3	0	0	0.5
RPS6KA4	0.552083	0.673907	0.217982
RPS6KB1	0.530807	0.095297	0.063328
RPSA	-0.000412	0.009538	0.510585
RUNX1	0.536864	0.044127	0.029436
RUNX2	0.03859	0.615272	0.204795
RUVBL2	0	0.476788	0.50107
RXRA	-0.010887	-0.033329	0.496622
RXRB	0.034134	0.035989	0.498301
SAP30	0.011546	-0.009097	0.5123
SDC4	0.497988	0.517086	-0.017502
SERPINE1	0.501734	0.500567	0.031564
SETDB1	0.494469	-0.00015	0.489433
SF3A3	-0.011834	0.482446	0.007585
SFN	0.402908	0.508338	-0.187648
SHC1	0.057495	0.561747	0.026238
SIN3A	-0.024833	-0.01877	0.4877
SIN3B	0.505794	0.522082	-0.014245
SKIL	0.479863	-0.014585	-0.013827
SKP1	0.504018	0.479754	0.505849
SKP2	0.008259	-0.006031	0.501948
SLC1A1	-0.02633	0.009051	0.502698
SMAD1	0.069351	0.148142	0.511808
SMAD2	0.455756	-0.072579	-0.091781
SMAD3	0.029224	0.009557	0.531931
SMAD4	0.104233	0.063809	0.736504
SMAD7	0.574962	0.580082	0.016005
SMAD9	-0.029963	0.487041	0.50307
SMARCA1	0	0	0.5
SMARCA2	-0.032547	-0.032547	0.5
SMARCA4	0.461634	0.459525	-0.022626
SMARCB1	0.496151	-0.015142	0.510102
SMARCC1	0.02184	0.019394	0.50272
SMARCD1	-0.012435	-0.018273	0.508757
SMARCE1	0.021625	-0.001531	0.506593
SMO	-0.027704	0.212175	0.464867
SMURF1	0.113239	0.634041	0.003403
SMURF2	0.012435	0.018273	0.491243
SNW1	0.477143	-0.028105	-0.050342
SOCS1	0.540477	0.538048	-0.001973
SOCS2	-0.000038	0.498805	0.433312
SOCS3	0.459063	0.486096	-0.014767
SOCS6	0.55498	0.042529	0.040012
SOS1	0.511426	0.200447	0.69648
SOS2	0.011426	0.200447	0.69648
SOX11	0	0	0.5
SOX4	0.52434	0.051158	0.539789
SOX9	0.502642	0.540806	0.202213
SP1	0.129156	0.044445	0.556204
SPAG1	0.507853	0.486173	0.019647
SPEN	0.49609	0.004179	-0.027118
SPG7	0.469417	0.466451	-0.009324
SPP1	0.499588	-0.021114	0.495904
SPTAN1	0.511078	0.505703	0.002944
SQSTM1	0.013937	0.50928	0.008211
SRC	0.500806	-0.01199	0.651039
SRF	0.607197	0.206237	0.219036
STAT1	0.661605	0.725781	0.201712
STAT2	0.545762	0.549171	0.005391
STAT3	0.559498	0.552624	0.568893
STAT5A	0.544244	0.572579	0.091781
STAT5B	0.530884	0.007779	-0.00967
STUB1	0	0.5	0.5
STXBP1	-0.001119	0.004669	0.490437
SUDS3	0.015014	-0.005041	0.510094
SUMO1	0.022851	0.024124	0.528912
SUMO2	0.499539	-0.007193	0.511834
SUMO4	-0.007692	-0.00885	0.493755
SUPT5H	0.459063	0.486096	-0.014767
SUV39H1	0.018658	0.53865	0.042559
SVIL	0.462028	-0.042931	0.449968
SYK	0.061114	0.513575	0.589199
SYTL4	0.012435	0.518273	-0.008757
TAF1	0.011266	0.516624	-0.008853
TAF4	0.534134	0.535989	-0.001699
TANK	0	-0.032827	0.467173
TAP1	0.509844	0.528532	-0.004985
TAP2	0.527348	0.554044	-0.006289
TAPBP	0.492462	0.505911	-0.022987
TBL3	0	0.532827	0.032827
TBP	0.505933	-0.013182	0.510442
TCERG1	0.492718	-0.007554	-0.023323
TCF4	-0.00052	0.026275	0.57181
TCF7	0.46302	0.488175	-0.023052
TDG	0.030729	0.013065	0.507374
TERF2IP	0.022829	0.010864	0.544819
TERT	0.532547	0.032547	0.5
TGFB1	0.521788	0.022613	-0.022319
TGFB2	0.50459	0.504282	-0.000124
TGFB3	0.510018	0.52417	-0.015974
TGFBR1	0.017863	0.071253	0.520545
TGFBR2	0.00095	0.495359	-0.025063
TGIF1	0.494585	0.521739	0.010064
TGM2	0.519705	0.021033	0.000492
THBS1	0.487293	0.485528	0.021971
THRA	-0.013469	0.511741	0.018399
THRB	-0.014584	-0.022397	0.473122
TIAM1	0.567605	0.642639	0.090053
TICAM1	0.491094	0.509421	-0.010563
TICAM2	0.497516	0.002738	0.493075
TIMP1	0.515319	0.515227	0.031085
TLE1	0.000054	0.50169	0.059972
TLN1	-0.001119	0.504669	-0.009563
TLR3	0.483931	0.492356	0.000281
TMOD2	-0.022851	0.475876	0.471088
TNFAIP3	0.519705	0.521033	0.000492
TNIP1	0.477149	0.475876	-0.028912
TNIP2	0.469417	0.466451	-0.009324
TNNI3	0.019705	0.521033	0.500492
TNNT1	0.013491	0.013846	0.500143
TNNT2	0.504127	0.502711	0.004394
TOP1	-0.000461	-0.007193	0.511834
TOP2A	-0.002842	-0.017603	0.485785
TOP2B	-0.014935	-0.039942	0.483389
TP53	0.084062	0.532889	0.046306
TP73	0.094773	0.569829	0.540144
TPM1	0.486509	0.486154	-0.000143
TRAF1	0.506742	0.494713	0.035918
TRAF2	0.485265	0.47086	-0.008068
TRAF3	0.006538	0.001523	-0.003234
TRAF4	0.009976	0.572509	0.496813
TRAF6	0.62939	0.120704	0.486922
TRIM24	0.005127	0.518053	-0.00861
TRIM27	0.499962	-0.001195	0.433312
TRIM28	-0.004127	-0.002711	0.495606
TRIM29	-0.032547	0.467453	0
TRIM69	0.531474	0.51337	0.03769
TSC1	-0.143245	-0.103391	0.42271
TSC2	0.45784	0.416435	-0.040482
TSPAN4	-0.004127	-0.002711	0.495606
TUBA1B	0.014434	0.005834	0.516337
TUBB	0.447772	-0.037711	0.454346
TUBGCP4	0.517585	-0.000488	-0.010712
TWIST1	0.598485	0.604381	0.142607
TYK2	0.523014	0.497761	0
UBE2I	0.035452	0.547472	0.484545
UBE2R2	0.034134	0.035989	0.498301
UBE3A	0	0	0.5
UBTF	0.5	0.532827	0.032827
USF1	0.5	0.5	0
USHBP1	-0.000461	0.492807	0.011834
USP2	0.487565	0.481727	0.008757
VASN	0.493258	0.505287	-0.035918
VAV1	0.022549	0.538381	0.491474
VCL	0.477451	-0.038381	0.508526
VDR	0.469155	0.480314	0.001979
WEE1	-0.0955	0.01871	0.43566
XIAP	0.031546	0.60088	0.026709
XPO1	0	-0.023212	0.50107
XRCC5	0.018647	-0.001582	0.51049
YES1	0.064784	0.005526	0.565566
YWHAB	-0.020252	-0.007032	0.423714
YWHAG	0.004841	0.519522	-0.023547
YWHAH	0.487565	0.481727	0.008757
YWHAQ	-0.003229	0.012045	0.698892
YWHAZ	-0.006457	0.024091	0.397783
ZBTB16	0.02065	0.542881	0.027781
ZBTB17	0.519705	0.021033	0.000492
ZFYVE9	-0.001888	-0.014188	0.488538
ZNF638	0.004127	0.002711	0.504394
ZNF764	0.492308	-0.00885	-0.006245
